1.040000000000000036e+01 1.254999999999999893e+00
1.580000000000000071e+01 1.919999999999999929e+00
1.969999999999999929e+01 2.378000000000000114e+00
2.639999999999999858e+01 3.173999999999999932e+00
3.379999999999999716e+01 4.075000000000000178e+00
4.139999999999999858e+01 4.990000000000000213e+00
5.050000000000000000e+01 6.099999999999999645e+00
6.189999999999999858e+01 7.459999999999999964e+00
1.200000000000000000e+01 2.100000000000000089e+00
5.600000000000000000e+01 6.190000000000000391e+00
